    0.2000   40.0107
    0.2500   40.0620
    0.3000   40.1265
    0.3500   40.1773
    0.4000   40.2360
    0.4500   40.2875
    0.5000   40.2900
    0.5500   40.2296
    0.6000   40.1732
    0.6500   40.1347
    0.7000   40.1067
    0.7500   40.0848
    0.8000   40.0682
    0.8500   40.0541
    0.9000   40.0452
    0.9500   40.0292
    1.0000   40.0197
    1.2000   39.9941
    1.4000   39.9702
    1.6000   39.9570
    1.8000   39.9413
    2.0000   39.9358
    2.2000   39.9278
    2.4000   39.9226
    2.6000   39.9159
    2.8000   39.9168
    3.0000   39.9090
    3.5000   39.9006
    4.0000   39.9039
    4.5000   39.8830
    5.0000   39.8831
